 1.0   0.0                 0.0                 0.0                 0.0                 0.0                 0.0                 0.0                 0.0                 0.0                0.0
 0.0  10.133333333333333  -4.966666666666667   0.0                 0.0                 0.0                 0.0                 0.0                 0.0                 0.0                0.0
 0.0   0.0                10.133333333333333  -4.966666666666668   0.0                 0.0                 0.0                 0.0                 0.0                 0.0                0.0
 0.0   0.0                 0.0                10.133333333333333  -4.966666666666665   0.0                 0.0                 0.0                 0.0                 0.0                0.0
 0.0   0.0                 0.0                 0.0                10.133333333333333  -4.966666666666668   0.0                 0.0                 0.0                 0.0                0.0
 0.0   0.0                 0.0                 0.0                 0.0                10.133333333333335  -4.966666666666668   0.0                 0.0                 0.0                0.0
 0.0   0.0                 0.0                 0.0                 0.0                 0.0                10.133333333333335  -4.966666666666668   0.0                 0.0                0.0
 0.0   0.0                 0.0                 0.0                 0.0                 0.0                 0.0                10.13333333333333   -4.966666666666662   0.0                0.0
 0.0   0.0                 0.0                 0.0                 0.0                 0.0                 0.0                 0.0                10.13333333333333   -4.966666666666668  0.0
 0.0   0.0                 0.0                 0.0                 0.0                 0.0                 0.0                 0.0                 0.0                10.133333333333335  0.0
 0.0   0.0                 0.0                 0.0                 0.0                 0.0                 0.0                 0.0                 0.0                 0.0                1.0